 /*  SIN TRAMPAS */

        double[][] a = new double [][]  {
                {0,0,0,1,0,0,0,1,0,0,1,0,0,1,0,0,0,0,0,0},
                {1,0,0,0,0,0,0,0,0,0,0,0,0,0,0,0,0,0,1,0},
                {0,0,0,1,1,0,1,1,1,1,1,1,1,0,1,1,1,1,1,0},
                {0,1,1,0,1,0,1,1,1,1,1,1,1,1,1,1,1,1,1,1},
                {0,0,1,1,0,1,1,1,0,1,1,0,1,1,1,1,1,1,1,0},
                {1,0,1,1,1,0,1,1,1,1,1,1,1,0,1,1,1,1,1,0},
                {0,1,1,1,1,0,0,1,1,1,1,1,1,1,1,1,1,1,1,0},
                {0,0,1,1,1,1,1,0,1,1,1,1,1,1,1,1,1,1,1,0},
                {1,0,1,1,1,0,1,1,0,1,1,1,1,1,1,1,1,1,1,0},
                {0,0,1,1,0,0,1,1,1,0,1,1,1,1,1,1,1,1,1,0},
                {0,0,0,1,1,0,1,1,1,1,0,1,1,0,1,1,1,1,1,0},
                {1,0,1,1,1,0,1,1,1,1,1,0,1,1,1,1,1,1,1,0},
                {0,0,1,0,1,0,1,1,1,1,0,1,0,0,1,1,1,1,1,0},
                {0,0,1,1,1,0,1,1,1,1,1,1,1,0,1,1,1,1,1,1},
                {0,1,1,1,1,0,1,1,0,1,1,1,1,1,0,1,1,1,1,0},
                {0,0,1,1,1,0,1,1,1,1,0,1,1,1,1,0,1,1,1,0},
                {0,0,0,1,1,0,1,1,1,1,1,0,1,1,1,1,0,1,1,0},
                {0,1,1,1,0,0,1,1,1,1,1,1,1,1,1,1,1,0,1,1},
                {0,0,0,1,1,0,1,0,0,0,0,0,0,0,0,0,0,1,0,0},
                {0,0,0,1,1,0,0,1,1,0,1,0,1,1,1,1,1,1,1,0}};

        /*      DEAD END        */

//        double[][] a = new double [][]  {
//                {0,0,0,0,0,0,0,0,0,1,0,0,0,0,0,0,0,0,0,0},
//                {0,0,1,0,0,0,0,0,0,0,0,0,0,0,0,0,0,0,1,0},
//                {0,0,0,1,0,0,0,0,0,0,0,0,0,0,0,0,0,1,0,0},
//                {0,0,0,0,1,0,0,0,0,0,0,0,0,0,0,0,1,0,0,0},
//                {0,0,0,0,0,1,0,0,0,0,0,0,0,0,0,1,0,0,0,0},
//                {0,0,0,0,1,0,1,0,0,0,0,0,0,0,1,0,0,0,0,0},
//                {0,0,0,1,0,0,0,1,0,0,0,0,0,1,0,0,0,0,0,0},
//                {0,0,1,0,0,0,0,0,1,0,0,0,1,0,0,0,0,0,0,0},
//                {0,1,0,0,0,0,0,1,0,1,0,1,0,0,0,0,0,0,0,0},
//                {0,0,0,0,0,0,1,0,0,0,1,0,0,0,0,0,0,0,0,0},
//                {0,1,0,0,0,0,0,1,0,0,0,1,0,0,0,0,0,0,0,0},
//                {0,0,1,0,0,0,0,0,0,0,0,0,1,0,0,0,0,0,0,0},
//                {0,0,0,0,0,0,0,1,0,0,0,0,0,1,0,0,0,0,0,0},
//                {0,0,0,0,1,0,0,0,0,0,0,0,0,0,1,0,0,0,0,0},
//                {0,0,0,0,0,1,0,0,0,0,0,0,0,0,0,1,1,0,0,0},
//                {0,0,0,0,1,0,0,1,0,0,0,0,0,0,0,0,1,0,0,0},
//                {0,0,0,1,0,0,0,0,1,0,0,0,0,0,0,0,0,1,0,0},
//                {0,0,1,0,0,0,0,0,0,1,0,0,0,0,0,0,0,0,1,0},
//                {0,1,0,0,0,0,0,0,0,0,0,1,0,0,0,0,0,0,0,0},
//                {0,0,0,0,0,0,0,0,0,0,0,0,1,0,0,0,0,0,0,0}};


        /*      SPIDER TRAP     */
//                double[][] a = new double [][]  {
//                {1,0,0,0,0,0,0,0,0,1,0,0,0,0,0,0,0,0,0,1},
//                {0,0,1,0,0,0,0,0,0,0,0,0,0,0,0,0,0,0,1,0},
//                {0,0,0,1,0,0,0,0,0,0,0,0,0,0,0,0,0,1,0,0},
//                {0,0,0,0,1,0,0,0,0,0,0,0,0,0,0,0,1,0,0,0},
//                {0,0,0,0,0,1,0,0,0,0,0,0,0,0,0,1,0,0,0,0},
//                {0,0,0,0,1,0,1,0,0,0,0,0,0,0,1,0,0,0,0,0},
//                {0,0,0,1,0,0,0,1,0,0,0,0,0,1,0,0,0,0,0,0},
//                {0,0,1,0,0,0,0,0,1,0,0,0,1,0,0,0,0,0,0,0},
//                {0,1,0,0,0,0,0,1,0,1,0,1,0,0,0,0,0,0,0,1},
//                {0,0,0,0,0,0,1,0,0,0,1,0,0,0,0,0,0,0,0,0},
//                {0,1,0,0,0,0,0,1,0,0,0,1,0,0,0,0,0,0,0,0},
//                {0,0,1,0,0,0,0,0,0,0,0,0,1,0,0,0,0,0,0,0},
//                {0,0,0,0,0,0,0,1,0,0,0,0,0,1,0,0,0,0,0,0},
//                {0,0,0,0,1,0,0,0,0,0,0,0,0,0,1,0,0,0,0,1},
//                {0,0,0,0,0,1,0,0,0,0,0,0,0,0,0,1,1,0,0,0},
//                {0,0,0,0,1,0,0,1,0,0,0,0,0,0,0,0,1,0,0,0},
//                {0,0,0,1,0,0,0,0,1,0,0,0,0,0,0,0,0,1,0,0},
//                {0,0,1,0,0,0,0,0,0,1,0,0,0,0,0,0,0,0,1,0},
//                {0,1,0,0,0,0,0,0,0,0,0,1,0,0,0,0,0,0,0,0},
//                {0,0,0,0,0,0,0,0,0,0,0,0,1,0,0,0,0,0,0,1}};
